version https://git-lfs.github.com/spec/v1
oid sha256:cbf2124a22eb7fee0850f17ad32e1844ed10c2b3478d676420ddf1dc516b89de
size 3680
